10000111215135405132S  1112221121 321230221 1132 122112.45                              
10000611212132482624S  121292121  232158821 4212 22531 .67                              
10001111212132702132S  3 1151211  232169621 5211 22631 .37                              
10002011212138034531R  9 99999929 232278122 1191 11612 .95                              
1000231121213203 914U  9 11511922 132282321 1112 11611 .85                              
10002811212134071234S  121359211  23126572199411 22631 .39                              
10002911212133211233S  2 9992111  122163621 2132 22531 .32                              
10003011212137244212S  133251211  131238621 3111 22331 .61                              
10003111214139103731R  2 9299991  23227992199912 22691 .61                              
10003311212139733414S  121292121  11226262199412 22531 .42                              
10003511212139892622R  133151111  232153421 6333222421 .79                              
10003711215132692622R  1223522222 132258511 1112 115231.17                              
10004011215137174213S  123292121  232164321 4212 22511 .93                              
10004111212135704213S  2 3222211  232155621 5213922531 .61                              
10004211213133171823S  1133121222 132159321 1131 11511 .76                              
10004911212139083414S  3 2151211  122178721 5213122631 .39                              
10005411212137812514S  131232121  212232721 6322 222311.11                              
10006511212132123615U  123251121  112157621 6312 22531 .56                              
10006711212138644533S  1313921921 33227832299912 126121.16                              
10007211212139103732R  131151121  232264221 2111 22511 .76                              
10007711212137183615U  121222111  332268522 7412 22622 .92                              
10008411212138131234U  111392121  232166321 3133922611 .79                              
1000861121213203 914S  121252121  232260321 6312 225111.25                              
10009111212135021921S  121251121  232184321 5212 22611 .65                              
1001001121213251 132U  3 2351221  232268821 9411 22631 .32                              
10010411215136012831R  3 2111111  522118221 7431 22111 .74                              
10011311212134023124U  3 3322211  332273221 3111 22611 .95                              
10011611212135804031R  3 2351211  332278621 6311 22631 .40                              
10012211212134124214S  9 2141211  13227032199913122611 .55                              
10012311212136104213S  131251211  422246621 6333122431 .68                              
1001241121213205 131R  2 2212221  23225372299112 22432 .39                              
10012811212136824835U  112331211  332119311 63131221131.82                              
10013511212137035135S  2 2351211  432119421 84239221211.48                              
10013611212135082513S  3 2221211  232159621 9413122531 .61                              
10014211212132252234S  121222911  211243822 6312 22332 .93                              
10014711214135163615S  3 2351211  212250721 7411 22431 .78                              
10015111212133091722S  119351991  232165321 1111 22611 .56                              
10015511212136622831R  113351291  232268621 3111 22631 .32                              
10016111212135151923U  3 3151121  112153521 8413222421 .54                              
10017311212136154732S  131251211  212245821 7411 22431 .42                              
10017411212135163615S  121321911  211150523 63191224241.42                              
10017611214136104213U  3 2121121  132175521 4233122621 .35                              
10018411212132104834U  131232121  311245421 7412 224211.49                              
10019311212132625523U  121212211  132263322 4212 22512 .43                              
10020011212139034831S  121252921  132288321 3111 22611 .39                              
10020211212136301723S  121251121  132257622 6313222532 .32                              
10020411212139184031R  121251121  232286324 2112 22614 .58                              
10021711212132523732U  112221211  232269321 3111 22611 .53                              
10022311212135082513S  131232191  112255821 7412 22531 .32                              
10023011212132692623U  3 2212121  332130421 5233222221 .89                              
10023511212134023121R  1113521222 132262421 1112 11521 .77                              
10023811212137244212S  131251121  232299421 4213222921 .56                              
10024111212133171823S  3 2352211  232272621 6313122631 .32                              
10026311214137174213S  1311922221 232269622 4212 12632 .47                              
10027711214137183615U  1332212922 232271812 7412 116331.76                              
10028211212132144835U  131251121  232266322 6312 22612 .68                              
10028711212137742513S  3 2251211  211140621 9411 22331 .77                              
10028811212138162924S  122351211  232260421 6313122521 .98                              
10029411212137701334S  9 9359991  232282421 2111 22621 .68                              
10030011212137701333S  121151121  33216382199913222531 .66                              
10030311212134094832S  131152121  13229042199911 22621 .32                              
10030711212137081725S  3 2252221  332218223 9412 221141.29                              
10030911212139103732S  1322929922 13225822299933911512 .58                              
10031111212137651822S  111351921  322254321 5231 224111.23                              
10031511212137155521R  131232191  112299529 6314222929 .35                              
10031711214139373922S  3 2151211  23219999999919922999 .56                              
10032311212136313614S  3 2321211  132273321 3111 22611 .55                              
10032411212133012432U  1121511221 232171321 4212 12611 .93                              
10033111212132182721R  121252291  13226632199913922611 .39                              
10034011212133254831R  2 3151211  132179421 3111 22621 .32                              
10035111212132814833S  131351121  212164314 3112 225131.39                              
10035211212135163615S  3 2351211  212156521993131225211.06                              
10036311212133254831R  3 2929111  132295421 2111 22621 .34                              
10036511212136054622U  111351211  211250821 3112 22431 .42                              
10036911212133191922U  3 2151211  211228329 11231222191.07                              
10037411215137314731R  1212521122 132267221 3113911611 .58                              
10037511212135072722U  3 3351121  41229992199919922991 .67                              
10037911212135053543U  121151211  311131624 7434222234 .48                              
1003961121213303 845U  123351121  222245516 1112 224232.44HISPANIC                      
1004011121213251 132U  2 2151211  132277421 3111 22621 .32                              
10040211212132814833S  121251121  131162322 8412 22512 .40                              
10040511212134172921R  131251111  412258321 42131225111.11                              
10040811212139154833U  122151121  311241611 4232 223331.98                              
10041011212134102434S  133141211  211249322 5212 224121.10                              
10041211212139154833U  111252121  211143211 2121 223132.13                              
10043711212138501232S  3 3121111  23227822199311 22611 .53                              
10044211215136622831R  111151991  211146321 74339224111.22                              
1004511121413970 841R  121159991  132279321 1132 22611 .40                              
1004541121513520 442U  1312321222 132160621 3133211531 .47                              
1004551121513602 443U  1132522921 332267221 3122 126111.49                              
10046011212137342623U  122252221  112247721 6312 22431 .32                              
10047211212138014942U  143351221  132272421 3113122621 .32                              
10048011212133202721R  3 2151211  232179321 4211 22611 .65                              
10048211215136622832R  113251211  412152521 6311 22421 .99                              
10049611212139782513S  112351211  211142611 42139223331.35                              
10049911212132814835U  123229211  132281721 4213222631 .32                              
10050411212134172923U  112351111  222182321 4211 22611 .62                              
10050511212133363733U  3 2351211  212143629 5211 22339 .66                              
10050611214137174213S  111291121  212250821 6312 22431 .54                              
10053411212137035134S  131232121  211143621 7412 22331 .85                              
10054211212137651821R  111151291  212299821 6313922931 .32                              
10054311212133363733S  3 2359121  211138721 7412 22331 .66                              
10054811212139083412S  3 2151211  212262321 5213122511 .89                              
10055311212139411232S  3 2259211  132172321 3111 22611 .35                              
10055811212133051231R  2 2351211  21216282999411 22539 .54                              
10056311212134102433S  3 2151211  232161321 8411 22511 .79                              
10056711212136093413S  121321121  132167121 2114122611 .45                              
10057511212135053543S  1223522122 232185611 74131116331.41                              
10057811212137342625S  3 31512222 112252521 2111 114211.30                              
10058011212136181721R  3 2351211  21215652199413122521 .66                              
1005851121213530 641S  129252211  132271621 1113922631 .32                              
1005871121213925 644S  3 2321211  232160621 8413122531 .69                              
1005891121213714 645U  121232221  132161521 3193922521 .59                              
10059311212133605343S  121151211  231250321 6311 224111.11                              
10059811213135095341S  122391291  132258421 1113922521 .52                              
1006001121213916 644S  121212191  211261624 9412 22534 .55                              
1006201121213928 441S  3 21512122 232152321 21131114112.45                              
10062111212136054621R  121231211  212260625 7412 22534 .44                              
10063011212133012434S  131151111  232267521 8412 22621 .68                              
10063711212137323414S  121251121  232272321 6313222611 .88                              
10063811212134102434S  1133219129 13229022199921 11611 .72                              
10063911212134041334U  121299191  132177322 2112 22612 .40                              
10064111212138644532R  3 2251211  311244721 6311 223311.03                              
10065011212137035135U  3 22519121 23226882199411 12631 .73                              
10065111212134234733U  1223511122 132274121 1133211611 .56                              
10065511212135133923S  113151111  112255521 3113122521 .48                              
10066211212139103732S  1132522922 131227422 11132112221.39                              
10066311212137323414S  3 2259121  232184821 3111 22631 .61                              
10067011212136073612S  3 2151211  132275321 4212 22611 .40                              
10067811212137323414S  3 2342911  112257321 4213922511 .79                              
10067911212139193732S  131212211  112263821 7412 22531 .32                              
1006811121213928 441U  111231221  411240811 6312 223332.15                              
1006821121413334 131S  121351911  211129321 3132 22211 .51                              
10068411214133365432S  3 2121211  232169321 2111 22611 .56                              
10069011212139041234U  3 2312111  232184821 8412 22631 .51                              
10069711214137183615U  1223512122 432248322 1112 114122.45                              
10070911212137812514S  3 2351211  419248521 6311 224211.75                              
10072111212137812514S  121391191  232268421 5232 22621 .79                              
10072411212137701333S  121232111  212245522 5213222422 .74                              
10073311214138025011R  113151211  232165521 4211 22621 .59                              
10073411212134193922S  1113512122 232261321 3121 115111.48                              
10075111212136033313U  121351211  211129221 2139922211 .57                              
10075411212138654732S  111121111  112162421 4212 22521 .35                              
10075611212138434532S  1212511222 432267321 31139116111.53                              
1007571121513860 913S  1313111121 232267422 3112 12622 .82                              
10076011212139373924S  121312211  111234322 1112 22212 .77                              
10076311212136033313U  123232121  211138821 9411 22331 .77                              
1007671121213303 841S  121352211  322247521 2111 224211.26                              
10077411212138151723U  131391211  132274322 2113222612 .32                              
10077611212135631923S  121221121  312252421 6311 224211.17                              
10078111212132171721R  1233219222 211234321 31339112112.41                              
10078211212135124833U  3 2351211  12125382199919122431 .32                              
10079711212137121921S  1112511122 132272321 2113911611 .59                              
10080411215138174835S  3 9951921  232173521 8411 22621 .70                              
10080811212138174835U  123351211  231141221 63131223111.77                              
10080911212137013821R  3 9351911  132285321 3112 22611 .39                              
10081011212137155521R  121232121  23217362199912 22631 .43                              
10081111212132182721S  1233922922 132274421 1194911621 .53                              
10081411212136202021R  111141111  232267421 4211 22621 .55                              
10081911212138151723S  113351921  232275521 6313922621 .53                              
10082711212136301725S  121131121  132267321 1113922611 .53                              
1008311121213858 643U  121292121  13228262199911 22631 .32                              
10083511212138174835S  121351121  132180321 4213122611 .56                              
10084611212138064831R  3 2151211  212250321 6311 224111.12                              
1008581121213714 645S  111222921  232252221 2112 224111.61                              
10085911212138304831R  121252121  232267621 8413222631 .32                              
1008661121213818 645U  3 2351211  212246823 6313122434 .67                              
10087411212135414142S  1333512221 132165421 1134912621 .38                              
10087611212138151723U  3 2151211  211150821 8413122431 .64                              
10088311212133605343S  131252111  13226942199113222621 .34                              
10088611212135095341S  111251211  311236625 7412 223341.17                              
10089111212138151723U  3 21512122 132260421 3131 11521 .73                              
1008931121213510 645U  1321522221 332154324999132124142.45                              
10089411212133605341S  3 2151211  222276421 5211 22621 .57                              
10089511212132191824S  123221211  111233622 4212 22232 .48                              
10090111212133605343U  131151121  311143721 7413122331 .86                              
1009051121213562 645S  112151211  43216232199912 225111.51                              
10090711214138151723S  3 2151121  211240821 8411 22331 .90                              
1009181121213760 643S  131259191  232281321 2113922611 .61                              
10092211212133605341R  1392522222 132261821 2113911531 .46                              
1009271121213415 645U  123151221  232191321 9413122611 .93                              
1009371121213831 642S  3 3252111  23217682199913922631 .38                              
1009401121513209 641R  3 22522122 13216932199911 11611 .64                              
1009411121213916 644U  3 2252991  322264321 74132225111.40                              
10094711212135414141U  3 2159291  232290421 2113222621 .57                              
10095111212135095341R  1112591921 131137216 2132 123131.90HISPANIC                      
10095311212137753241R  3 24521222 13227082199213211631 .32                              
10095711212135414141S  3 2321991  212159311 63239225131.51                              
1009591121213415 645U  3 2252211  332218323 31142221141.34                              
10097511212137753243U  3 23992222 422218216999349111132.45HISPANIC                      
10097611215135414141U  113351121  211139621 8413122331 .71                              
10098011215133605341R  9 1292121  23226762999913222639 .33                              
1009851121213916 644U  111251111  132259324 3112 22514 .67                              
10098911213135862624S  1231511222 13228842199912 11621 .66                              
10099211213135853612S  131351121  222182221 4213122611 .66                              
10099311214137403922S  111121121  222181321 7412 22611 .56                              
10100411213133303922S  139431111  132152421 3111 22421 .50                              
10101211213137271235S  111121211  231231621 42131222311.07                              
10101711213133153613S  121351221  132276321 4212 22611 .43                              
10102011213134193922R  1213511222 132170416 5219211623 .74HISPANIC                      
10102211214136172514S  113121221  21114062599913922334 .95                              
10102511213134432432S  3 2499211  232185429 6311 22629 .44                              
10102611213132601823U  123351121  232258221 2133922511 .83                              
10103111213132692622U  121351211  222264621 6312 22531 .40                              
10104111213137183615U  1312321222 122272322 3112 11612 .77                              
10104611213134102432R  121231121  232236222 1112 223121.52                              
10105311213137812514S  131231121  232175821 9423222631 .61                              
10106711213133363731S  1313512121 211135321 42331123112.11                              
10107011213137183615U  111351211  332164321 4222 225111.71                              
1010721121313203 914S  191129111  13218382199933122631 .39                              
10107611213134193921S  111399291  132243329 1111 223191.38                              
10108711213136073611R  1213511222 232262421 6312 115211.81                              
1010911121313860 914S  3 2121921  132287621 5213122631 .32                              
10110311213138563412S  131391111  232152322 8411 224121.00                              
10110511213135172622R  3 21512122 132288521 2113111621 .47                              
10110811213135082513S  113351211  332275321 6313122611 .86                              
10111611214135405134R  121251121  232274421 7412 22621 .68                              
10112911213134781331R  3 2321211  312220522 2111 221221.30                              
10113211213137271235S  3 23592122 232280321 4211 116111.65                              
10113411213135704213S  1111511222 132186321 2111 11611 .69                              
10113511213133473615U  1113511122 131229311 11142112132.45                              
10114411213136073611R  123252121  22226532199413222611 .72                              
10114511213138283732S  112159211  232178221 3111 22611 .56                              
10114811213137061332R  111222211  232168221 2133122611 .56                              
10115411213133045431R  3 13522922 132299221 1111 11911 .58                              
10116911213134345134R  121222121  232177821 8413222631 .51                              
10117011213133045431R  121211921  132268322 1113222612 .32                              
10117511213139541234U  1112112122 232177321 21139116111.53                              
10117611213133045432R  1192391122 132148225 1133911414 .98                              
10117811213133051234U  1312921221 422128519 42339122232.45                              
10118011213135704213S  121151121  322260321 7412 225111.23                              
10118111213133045432R  113121211  232243821 6311 22331 .81                              
10118811213139083414S  1111519922 13229182199431 11631 .44                              
10119011213137163613S  133221221  332265421 6312 22621 .78                              
10119111213139373924S  131392111  332162421 42139225211.01                              
10119211213139733414S  131252111  331266621 6312 22631 .57                              
10119311213138592133S  3 2151211  21113762199911 22331 .66                              
10119511213137183615U  131121121  332256621 3111 22531 .94                              
10120211213136781334S  113151111  11124442199111 223211.46                              
10120411213137403922R  1293522922 132171221 1131 11611 .54                              
10121011213139541234S  3 31211122 132289521 3111 11621 .66                              
10121111213138034531R  113221121  212250521 7433222421 .97                              
10121911213134234731R  131292111  432170424 5212 22624 .61                              
10122111213137403922R  3 1352211  132276221 1131 22611 .33                              
10123211213134193921R  3 2351211  391246921999199224911.42                              
10123911213132702131R  121151121  312131321 8412 22211 .65                              
10126211213137812514S  129292191  232179821 9412 22631 .61                              
10126711213136313614S  131121191  23227962199411 22631 .46                              
10128411214136012831R  3 21212122 132189621 5213111631 .41                              
10129011215134172921S  3 2121211  232268321 2111 22611 .62                              
10129211213134172921R  1213522221 132159321 2112 12511 .69                              
1012941121313479 532S  111151121  132280321 2113922611 .33                              
1012961121313205 133U  131331221  331240122 2112 223122.11                              
10129911213139184034U  131231121  211249821 9412 22431 .59                              
10130111213133191921R  119251191  232272321 5212 22611 .62                              
10130611213139205522R  1332511222 132289621 3123111631 .32                              
10130711213136181721R  3 21591122 132271321 3111 11611 .59                              
10131311213132702131S  131151911  211144321 63139223111.27                              
10131711213135124833U  121232121  232160621 7413222531 .52                              
10131911213137632722S  121252121  132267321 4213222611 .33                              
10132811213139314731R  3 2151211  29219939999913922919 .65                              
10133011213135405133S  122351121  99919942199912 22921 .48                              
10133111213137654212S  1432121222 132268321 2112 11611 .59                              
10134311213134094832U  112151121  12227642199913922621 .32                              
10135311213136085522U  113151211  232172821 6313922631 .37                              
10135911213134023121R  3 2351211  222173521 5211 22621 .51                              
10136311213138174835S  113391111  212164821 8411 22531 .76                              
10136611213139724834U  131232121  232265821 7412 22631 .39                              
10136911213133162023U  131221191  211143821 9415922331 .66                              
10137311213134172921S  3 2351211  232167821 3113122631 .43                              
10137611213133202721R  3 3121121  111146621 7413122431 .42                              
10137811213133191922U  121121111  132264321 4211 22511 .48                              
10138811213137314731S  139151121  132279221 2132 22611 .39                              
10139011213134172921R  131951121  132188121 3112 22611 .41                              
10139411213135042234S  121351911  231238321 3112 223112.45                              
1013951121313205 131R  3 2359211  132269614 2111 22633 .35                              
10139911214138121822S  3 3351211  232169421 6313122621 .44                              
10140411213135124831S  111231121  322123321 7434922111 .74                              
10140611213138151721R  1323512122 132174321 2112 11611 .63                              
10140911213136181723S  3 2351211  332256621 7413122531 .55                              
10141311213137155521R  3 3351211  211243621 8411 22331 .95                              
10142211213133142924U  121251121  232152322 1132 224121.21                              
10142311213138174835U  3 2351211  212169621 9411 22631 .58                              
10142911213139314731R  3 2151211  232179521 3111 22621 .50                              
10143211213136512723S  1212221121 211150521 42132124211.44                              
10143511215133182231S  3 9251211  312153421 6312 224211.15                              
10143911213134023121S  113951211  222270421 4211 22621 .55                              
10144211213133202722S  3 2121111  512132624 6313922234 .42                              
10144811213139041234U  121251221  132299522 3122 22922 .34                              
10145211213139364833S  3 2151211  111152821 9413122431 .40                              
10145311213133191922U  3 2151211  11229942199913122921 .32                              
10145911213134063041R  111351211  311151821 9411 22431 .87                              
1014621121513719 842U  3 2151211  212267621 6313122631 .32                              
10146911213134354941S  3 2151211  211137821 9431 22331 .71                              
1014771121313719 842U  121292121  211135521 6314222321 .86                              
10149211213132702131S  131151121  232268421 5212 22621 .55                              
10150711213135631921R  1213511122 132290321 3112 11611 .59                              
10151211213138121821R  129392991  23226062199912 22531 .46                              
10151311213134102432S  131222921  232263321 6312 22511 .76                              
10151611213135704212R  133222111  132265121 1111 22611 .40                              
10152011213138144212S  123359921  432266491 7433922621 .71                              
10152611213132182721S  111351121  212256421 6313922521 .80                              
10152811213132072312R  193351991  41125382199411 22431 .62                              
10153011213135082513S  111251121  122239821 5212 22331 .66                              
10153511213136033312R  121251191  312261621 7413222531 .58                              
1015481121313209 641R  3 23512121 332178521 6312 126211.29                              
1015521121313530 641S  3 2251211  332249521 4211 224211.26                              
1015531121313661 641U  3 3121211  211148621 9411 22431 .69                              
10156911213133605342S  123351211  232165321 2113122611 .57                              
1015761121513303 845U  3 23512122 132178621 4213911631 .58                              
10157711213136181723S  3 2141211  212154521 6313122421 .87                              
10158411213138014944S  3 2251211  222169521 8431 22621 .64                              
10158711213139132024U  9 2351211  211255621 8413922531 .56                              
1015901121313520 442U  133232111  522226621 1133222231 .87                              
10159211213133075641R  112151211  211147621 9431 22431 .69                              
1016021121313719 841R  3 21511121 22225862199932 12531 .78                              
10160311213139154833U  111292121  13226752199913222621 .33                              
1016091121513719 841R  3 2151211  232265621 6311 22631 .33                              
10161111213133075641R  3 3351211  232264321 4233122511 .91                              
10162011215133075641U  9 3251111  332276321 3113222611 .79                              
10162111213132081643S  111359121  232187821 5222 22631 .42                              
1016231121513707 643U  1223512222 421221322 1112 111121.77                              
10162611213134063041R  3 39519292 132281321 2111 22611 .40                              
10162711213132081641R  3 2151291  232270321 4211 22611 .63                              
1016341121313510 645U  1912921222 132260221 21232115111.21                              
1016371121313602 443U  3 2251211  331199621 8411 22931 .52                              
1016401121313916 642S  131232121  132170621 7413922631 .32                              
10164511215136411921R  131232121  132184321 2112 22611 .41                              
10164611213132702132U  3 2321121  132185821 7411 22631 .32                              
10165611215133254832U  3 2121211  23217432199911 22611 .56                              
10166111215135414141R  3 2151211  232172421 4211 22621 .52                              
1016691121313650 644S  1122512122 132150421 4211 114211.11                              
10167111215138014944U  111251121  211244621 9411 223311.19                              
1016771121413925 644S  131252121  132274421 3112 22621 .44                              
10167811213137023242U  131232111  332118323 9432 22114 .64                              
1016861121313501 531S  3 2151211  232259421 8411 22521 .79                              
10169111213132104834U  1311512121 231247421 6311 124211.96                              
10169411213133605342S  121929911  132283621 5213222631 .32                              
1016961121313870 531R  139352191  932263325 1133222514 .83                              
10169711213135414141U  122351221  132282321 2113122611 .40                              
1016991121313626 645S  131151211  21216082199433122531 .78                              
1017161121313334 131S  122231211  231267322 3112 22612 .49                              
10171811213133254832U  3 2351211  23229942999915922929 .48                              
10173211213134054031S  3 2351911  212170521 2111 22621 .50                              
1017341121313831 643S  131232121  232239621 5212 22331 .93                              
1017371121313707 641R  131212121  22226462199912 22531 .47                              
1017411121313707 643S  133251121  22225352199134922421 .95                              
10174811213135414141R  3 23212122 132169321 1111 11611 .64                              
10175011214137323414S  191492121  322158821 8413222531 .98                              
10175211214135853614U  131251121  632169222 4212 22612 .94                              
10175711214133045432U  1121211222 232176321 7411 116111.09                              
10176311214138432621S  1312111122 132255322 1112 11512 .68                              
10176411214133473615U  131252111  231154322 63132224121.60                              
10177711214137163613S  121252121  232176421 4215222621 .56                              
10178311214139411233S  131252211  212155322 4212 22512 .64                              
10178811214139132921S  1233511121 332289321 5232 126111.52                              
10179511214138453613S  121151121  312254321 42131224111.58                              
1017971121413870 531R  111351911  231242621 5223922331 .94                              
1017981121413479 531R  121231121  332155521 2113922521 .82                              
10179911214136362923U  121151211  212257999 9412 22599 .83                              
10180111214135124834S  131212121  432270521 6312 22621 .86                              
10180911214138644533S  113251121  211247821 8413122431 .46                              
10181711214137035135S  131212121  211134821 6313222231 .56                              
10182011214137731725U  3 2151211  412160629 8413122539 .96                              
10182511214139205523U  9 2359991  132277321 7411 22611 .37                              
10183411214133191922U  3 2251211  112141621 6313122331 .38                              
10184011214139364831R  3 2151211  432255621 2111 22531 .57                              
10184111214139411233S  3 2351211  232173821 9411 22631 .40                              
10184311214135804031R  121231121  232158521 1133222521 .65                              
10185611214132072311R  1312322921 232154529 21139124291.76                              
10186011214136362923S  121251121  212242321 8412 223112.09                              
10186211214135133924S  9 99999922 132290321 1134911611 .72                              
10186311214139733412S  3 2351911  221233621 7411 22231 .78                              
10186511214139143615S  133151211  212248611 84139224331.38                              
10187211214137035133S  2 2121291  212164621 8411 22531 .52                              
10187311214138631232S  1212521221 232159321 2112 125111.20                              
10187811214138174835S  121351111  322120321991132221111.03                              
10187911214139132024S  3 2151211  23215152399211 224241.06                              
10188311214137632723S  121241121  132280521 4211 22621 .33                              
10188911214132312622R  121351211  132271621 4213922631 .32                              
1018981121413925 645S  131351121  232269621 9413222631 .46                              
10190011214132072311U  9 2351991  211247621 5213122431 .56                              
10190211214133045431R  119351211  21225362199913122431 .48                              
1019141121413408 644U  121929991  432160323 31149225141.27                              
10191611214137323414S  111351121  332259321 52131225111.59                              
10192111214136062131R  111232211  232179221 3112 22611 .65                              
1019231121413909 641U  3 2351211  232181821 7411 22631 .44                              
10192811214132535343S  111351211  331236521 74331223212.34                              
1019351121413209 641R  131151191  231230521 94349222212.14                              
1019361121413562 645S  131232121  232271621 9412 22631 .46                              
10193811214137023242U  131351111  332256421 8411 22521 .90                              
10194011214133303922R  121121121  132289221 2132 22611 .33                              
10195111214139733415U  123151121  232268222 2112 22612 .80                              
10196311214132391233S  3 2151211  232264421 8431 22521 .75                              
1019661121413951 642S  9 19511222 132287321 2111 11611 .53                              
1019681121413707 641R  3 1351121  132140321 1111 22311 .83                              
10196911214137023242U  3 2321211  232168621 7411 22631 .38                              
1019701121413559 642U  1193329122 132190621 6311 11631 .37                              
1019841121413707 641R  121259121  132283321 2122 22611 .40                              
10198711214137753241R  131251121  232271821 7412 22631 .33                              
10199111214134255344S  131232121  332161621 5213222531 .87                              
10200111214134255344S  3 2151211  21126172999411 22539 .57                              
10200411214132154214S  3 2351211  23216142199313122521 .94                              
10201011214137701332S  133351221  312154222 21339224121.07                              
10204411214132021135U  131132111  421125422 4212 222221.04                              
10204611214135862624S  3 21512121 132283321 1111 12611 .62                              
10204711214132154214S  131251111  211244621 6311 223311.36                              
10205011214138045134S  3 2351111  23123442299112 222222.04                              
1020511121413858 643U  3 2151211  232160621 6311 22531 .53                              
10205311214135183611R  111211211  511246521 5211 224211.43                              
10205411214134255344S  3 2451221  211199821 3134922931 .53                              
10205511214135611233U  123212111  33225162199312 22431 .57                              
10205811214135034144U  121211111  132266621 5212 22631 .32                              
10205911214133605341S  123352111  222249821 3113922431 .50                              
10206111214137323414S  131292211  212256621 9413122531 .66                              
1020831121413760 641S  121292121  132286521 2112 22621 .37                              
10208811214138434532S  3 2351211  212162821 8419122531 .47                              
10209011214137035133S  133251121  211243821 9412 22331 .90                              
10209511214137163613S  111321121  211146821 8413122431 .74                              
10210311214136073611R  3 2359991  112247821 6314122431 .35                              
10210411214132154214S  121351121  232170421 4213922621 .72                              
10210711214134234733S  1223512121 232262321 31249125111.38                              
10212811214134403923U  121212211  221252321 94139224111.06                              
10213211214137183615U  123351211  211148821 9411 224311.07                              
10214811215137163613S  1213521922 132180321 3112 11611 .69                              
10215011214137721233U  111351121  232265812 8412 22633 .53                              
10215111214135704212R  123251121  311249821 7412 22431 .62                              
10215211214134403923U  121251211  232166321 4211 22611 .62                              
10215411214138631232S  9 3239991  232153321 31349224111.06                              
10215611214136143925U  3 2151211  232186621 6311 22631 .58                              
10215711214134102435U  121351111  332286822 6311 22632 .45                              
10215811214135082513S  131359111  212271821 9413222631 .35                              
10216011214137575135U  131352121  132157322 5212 22512 .58                              
10216711214138034532S  1312919921 132284122 1112 12612 .35                              
10218511214133303923S  123352291  222269321 6312 22611 .58                              
10219411215136512725U  131232111  112262621 9412 22531 .40                              
1021991121413303 843S  133212121  112152621 9413222431 .41                              
10221011214136313614S  121959121  512260623 9422 22534 .79                              
10223011214138144212S  131212121  232164821 8412 22531 .55                              
10223411214132154215U  111351291  312154822 3112 224321.10                              
10223611214132154215U  132251111  132274222 2112 22612 .50                              
10224611214136093413S  131332121  222122321 6333222111 .66                              
10226211214137701333S  121252121  321138822 5234922332 .67                              
10226711214138283733U  121232211  422224621 2123222131 .57                              
10227811214138283733U  121332121  232299821 4212 22931 .32                              
10227911214134102434S  122392211  112119421 3132 22121 .65                              
1022841121413480 443U  1332211222 132254621 4213211431 .46                              
10229011214138151723S  9 2151111  411251221 9411 224111.35                              
10229911215137155521R  1112511122 131236624 2111 11334 .87                              
10230011215135753541R  3 2151211  122174321 2111 22611 .42                              
1023021121513719 842S  3 2351211  332121421 1111 22121 .96                              
10230911215134063041R  3 2151291  122158521 6333922521 .43                              
10231911215134023124U  3 23511122 132285621 2111 11631 .38                              
10232111215139103732R  121351911  212245322 1131 22412 .78                              
10232211215137244212S  1213511121 212150321 63339124112.07                              
10232311215132154214S  3 3151211  412125322 7413122212 .75                              
10232511215136781332S  111351111  132261321 4211 22511 .48                              
1023441121513860 912S  123151121  312254621 9413222431 .62                              
10235011215135133924S  121351121  232262421 5212 22521 .98                              
10235811215132182721R  3 2151211  212148621 7413122431 .67                              
10236011215137403922S  1212521221 132268321 3133112611 .44                              
10236111215139121331R  132151121  132277521 4212 22621 .34                              
10236311215139034832U  132351111  231267311 2111 22613 .93                              
10236511215134172921R  111151111  132282321 7411 22611 .39                              
10237511215136054621R  111121211  132268621 3111 22631 .32                              
10238711215132081642U  112351211  232172621 6313122631 .38                              
10239911215137753241R  121232191  222255421 8412 22521 .82                              
10240011215133861233U  133351111  321260622 4212 22532 .44                              
10240211215132191824S  3 3321111  232134621 2111 22231 .49                              
10241611215132065344U  133259121  23216532299912 22612 .66                              
10242211215139522722S  121291121  232270421 6312 22621 .48                              
10242911215133211234S  1232321122 232257321 5211 115112.08                              
10244511215135414141U  3 31512122 11214251699992 113231.66HISPANIC                      
10244611215133521234S  149251121  112156211 74341225131.13                              
1024601121513530 642S  1212522122 132254521 4213911421 .83                              
10246811215139314731R  122351121  132268321 2112 22611 .39                              
10247911215132191823S  131232121  222257621 7413222531 .44                              
1024821121513209 643U  3 2151211  23227342199911 22621 .54                              
10249811215138471723S  113351211  112155321 7411 22511 .50                              
10250311215137035135S  3 1352111  232289321 5211 22611 .85                              
10251111215134234733U  3 2159211  232184421 1113122621 .48                              
1025141121513970 841R  123311221  211150422 3132 22422 .75                              
10251711215132104834U  131251211  112263421 5213122521 .62                              
10252011215139724835U  111232121  232265421 6313222621 .77                              
1025271121513970 842U  131292121  112258821 7413222531 .32                              
10252911215139364831R  3 2321211  132268321 2115122611 .39                              
10253011215139522725S  3 3351211  21124662999411 22439 .68                              
1025341121513205 131R  1311599922 13226732299915211612 .47                              
1025351121513623 443S  121251121  232266622 7413222632 .32                              
10255111215135804031R  113251211  212262821 8411 22531 .46                              
10256311215136012831R  131292111  312299522 2112 22922 .56                              
10257911215135072721R  113351121  212261321 6333922511 .88                              
10258911215135631921R  9 3351921  21225542199913922521 .80                              
10259111215136301725U  121241211  211239522 6312 223222.12                              
10259211215138174835S  3 2251121  212166421 6312 22621 .70                              
10260511215135732922U  111351121  112231822 7412 22232 .34                              
10261111215136181723S  1312321222 112145321 6312 114111.13                              
10262511215135042234S  123351211  23227162199913222631 .39                              
10263111215137632721S  3 1321911  22221932199113122111 .77                              
10263611215134063041S  3 2121211  21215562999911 22539 .56                              
20000221212136073612U  11911212  2332261221 11339335111.71                              
20002021212135853611S  11323221  1222271221 3111 22611 .72                              
20002521212134403922S  12115212  1322126321 6333922211 .56                              
20002721212137035135U  13125212  1231150622 8412 22432 .74                              
20003021212137035135S  3 315211  2212126621 84142332311.07                              
20003921212138453614S  12115112  2432130111 31391332132.45                              
20005221212133153613S  13125212  2122248821 4212 334311.03                              
20005821212135673924U  3 325111  1222171821 4212 22631 .52                              
20006221212132402433S  3 215121  1411146321 8411 224111.47                              
20006821212139541234S  11121212  2232226322 1112 332122.34                              
20007721212134403925U  12125112  1132275421 2112 22621 .49                              
20008021212139143612S  12335121  1312254321 2112 224111.44                              
20009021214132482624S  12121212  1422262521 7412 225211.23                              
20009721212138151723S  19225291  1312223622 4212 22132 .46                              
20011821212135741823S  3 215121  2211142324 9411 333142.23                              
2001262121213816 442S  3 215121  1232299929999199229991.12                              
20013721214134054034U  13122121  2222127424 21349332241.66                              
20014221212132252231S  12123111  143227582299912 22632 .32                              
20014921212133521233S  13125212  1232178821 7412 22631 .40                              
2001592121213985 133S  11125112  1232262821 8413122531 .44                              
2001622121213860 913S  3 212112  1211144321994132223111.42                              
20016521212133153613S  12215122  1132170421 2111 22621 .35                              
20017221212135022134U  12125221  2332225621 3112 332311.82                              
20018321212137175523S  13135111  2111151621 9411 334311.21                              
20018621212133153612U  12315121  1132283321 2111 22611 .40                              
20019321212132241724U  11345111  1212250616 63149224331.04OTHER                         
20019421212139411233S  3 325121  1512150821 9413122431 .79                              
20019921212134172921R  11335121  1112269821 4211 22631 .32                              
20020821212136093415S  12123221  1222299724 6312 229341.20                              
2002112121213334 131R  12132222  1131254522 2113922422 .49                              
20021221212139083415S  11115111  2222219322 42332331121.94                              
20021421212133372232U  12192211  2132152322 3111 334121.64                              
20022021212139034832U  13133922  2132256222 1112 335121.17                              
20022221214135631923S  13323211  1211157721 7412 22531 .52                              
20023221212132182721R  13135212  1212158321 5213922511 .83                              
20023321212135124833U  2 235121  2232151321 4211 334112.23                              
20023521212133861234S  11125111  2332121424 4232 331241.90                              
20024121214138324835U  12135192  2211251611 6312 334332.26                              
20024521212137134835U  13123212  1132182422 4212 22622 .35                              
20024921212133372232U  3 215112  1212150321 74131224111.06                              
20025621212138471724S  3 235111  2422124621 1111 331311.09                              
20026921212135405135S  12135111  2311149421 7411 334212.43                              
2002732121213480 443U  12135112  1132194821 3111 22631 .32                              
20027521212136093414S  13134212  1221232522 9412 222222.38                              
20028321212134781333U  13135111  2211140622 74132333321.01                              
20029021212137731725U  12125211  1232125522 1119222222 .83                              
20029121212133153612S  2 232121  1212130421 7415122221 .75                              
20032321212133142924S  12125112  1332160421 63131225211.01                              
20032521212137174212R  3 235121  1511256621 7411 22531 .58                              
20032621212139364833S  11335121  1222256321 2119922511 .83                              
20033121212135715133S  3 135111  1332118223 3133222114 .68                              
20033821212136154731S  2 215121  1311143821 7413122331 .87                              
20033921212138014942S  3 232121  123125342199911 22421 .87                              
20034421212133182234S  11939211  2112224621 31131331311.13                              
20034621212136012831S  11123112  2212130321 3133233211 .99                              
20034721212132182721S  13325111  1332182221 4212 22611 .81                              
2003552121213303 844U  12925221  2132283621 2112 33631 .77                              
20035921212132081641R  12135112  2211133521 6311 332211.47                              
20036121212139154833U  3 232112  2211128612 63332332331.29                              
2003632121213970 841R  13135112  1131155621 8423222531 .35                              
2003692121213603 913S  3 325212  2112126821 8433133231 .87                              
20037021212138034531R  11912929  1131275221 3113922611 .39                              
20037121212137852021R  11315199  1312150421 3111 224211.15                              
2003732121213928 443U  3 235112  2112122311 31141331131.95                              
20038221212138014941S  11325121  2332218221 3131 331111.53                              
20039021215134804942U  3 235111  2622125321 1133933211 .89                              
20039721212134403923U  11135121  2111240521 6311 333212.45                              
2004002121313928 443U  11131212  2232156811 5211 335331.81                              
2004102121213479 531R  3 232121  2422218421 42131331212.45                              
20041121212139782514S  11125211  1132171221 1112 22611 .58                              
20041621213133363731R  12125221  2322121421992239331211.62                              
20042621212133191921R  3 239221  1132281321 7411 22611 .39                              
20042821212136085523U  12121212  2212257621 6312 33531 .83                              
20042921212134354941S  13129212  1212151421 5212 22421 .94                              
20043621212133013543U  3 215112  2212163621 9411 335311.03                              
2004382121213302 645U  13121211  2112128823 6332 332341.06                              
20045621212132601823S  3 235121  2211130621 3113133231 .74                              
20045721212138654732S  13135121  2232253321 21349334111.87                              
20046121212138654732S  12912111  2211142321 6311 333112.13                              
20046221212134041334S  11125121  2322258821 11131335311.07                              
20046321212137721232S  9 135929  1312122311 11359221131.13                              
20046921212133012434U  13125212  1422256821 7412 22531 .70                              
20048021212137861234U  12115922  2632140222 1132 333122.41                              
20049021212137035132S  13121122  1132163222 2112 22512 .37                              
20049821212136062132R  12125121  2431243321 52131333112.45                              
20050121212137861235U  11132112  1222129624 6333222234 .53                              
20050221212135853612S  12129212  1211143821 8412 22331 .70                              
20050921212134234731R  13121299  1232266121 4213922611 .61                              
20051321212137575135U  12135211  1232179322 6312 22612 .72                              
20051721213138563415S  12135121  1211150821999139224311.07                              
20052321212132163925U  12335912  2312126621 2112 332311.07                              
20052821212139373922R  12125111  2311244321 7412 333112.45                              
20053221212135405135R  13115192  233226932199211 336111.63                              
20053621212135704212R  14345121  1222271721 7411 22631 .32                              
20055621212137861234U  3 231211  1332119411 5211 221232.29                              
20056221212135715135S  13335112  2231245421 9431 334212.45                              
20056521212136093413S  11332212  1212127321 4212 22211 .57                              
20056621212135082514S  9 333211  1211153821 9412 22431 .95                              
20057721212137651823U  12331112  1212159311 84339225131.40                              
20059521212136463615U  12125221  122211832299233922112 .77                              
20059921212134844214U  3 235112  1221244621 7411 223311.36                              
20060721212134193924U  11123212  2211231821 4212 332311.82                              
20061821212134403923S  11135191  1231270421 4212 22621 .53                              
20062921212139411233S  3 215112  2232165621 7413933631 .77                              
20063221212139193734U  12115111  2132157322 1112 335121.58                              
20064521212135081235U  13125212  1132278321 4233222611 .53                              
20064721212138654733S  11132112  1132282821 5212 22631 .32                              
20065321212134231333S  12135112  1231235321 6332 223112.08                              
20065521212132291331R  11115911  2232167221 2131 336111.24                              
20065821212136781333S  12131112  2212140621 84332333311.26                              
20066021214137163613S  11315112  2312120421994332331211.81                              
20066421212135853611R  12935112  1212161521 6313922521 .76                              
20068521212134071234S  3 925199  123124262199411 223311.16                              
20068721212136033311R  3 215221  2411244521 3111 333212.45                              
20069121212138654733S  2 215199  1212156329 6313122519 .79                              
20069221212135133923S  11115199  1211233621 8412 22231 .73                              
20070421212132482624S  2 225199  2222131611999139332331.67                              
2007062121213303 842S  3 212111  1222177621 8411 22631 .38                              
20071521212134234733U  2 212111  2112158621 6313133531 .99                              
20072421212139193734U  12321211  2221148621 52131334311.55                              
20073921212133182232S  11214111  2222120421 9411 331211.41                              
2007532121513719 842S  3 235119  2232265811 8411 33633 .96                              
2007592121213251 132R  11115121  2312256321 2111 335111.46                              
20077221212132144835U  3 212121  1412262821 7413122531 .80                              
2007772121213626 645S  11125112  2422118223 63132331141.55                              
2007842121213831 643S  11335121  2212175621 8411 33631 .79                              
2007882121213213 645U  13122291  1412150622 5214922432 .96                              
20079421212133141723S  13123212  2222255421 3112 335211.46                              
20079721212136125523U  11919129  1622222421 2121 221211.54                              
2008002121213925 443S  3 235121  2212224621 6311 33131 .91                              
20080221212137134835U  3 215121  1231244616 9411 223332.30HISPANIC                      
2008032121213323 645U  11125221  1532219316 7412 221132.45MEXICAN HISPANIC              
2008152121513760 642S  11135212  1211250811 3119922433 .76                              
20081821212132144835S  11335111  2512155511 6332 335232.45                              
2008192121213760 642S  12225122  1112130216 3113222213 .51HISPANIC                      
2008262121213909 641S  12325221  1232176821 3111 22631 .44                              
20082921213135414141R  11122211  1232176421 4212 22621 .52                              
2008592121213251 132S  12135121  1211237321 3112 223111.90                              
20087021212135034144U  12125211  1232179421 3112 22621 .64                              
20088521212133614831R  3 315119  2211152621 42131334311.27                              
2008882121213559 641R  12213111  1322119311 94131221131.35                              
2008992121213714 645S  3 232121  2612130623993331332341.06                              
20090321212136054622U  3 335121  2111227521 6311 332212.45                              
20090721212134023122U  12125112  2312132321 6313233211 .87                              
20091321212134255344S  12115122  1212218421994131221211.63                              
20092021212137134831R  12115112  1311231321 4212 222111.55                              
20093121212139094835S  3 332111  1121220322 3111 22112 .54                              
2009452121513530 642U  11132121  1222119311 2112 22113 .93                              
2009472121213951 642U  11223121  2232119221 42131331111.01                              
20094821212139854214S  12325211  1111142621 9412 22331 .63                              
2009522121213530 641R  13129211  1232163421 7412 22521 .68                              
20095321212133191921S  3 235121  2222253321 8411 334112.16                              
2009562121213951 642S  13315121  2212146621 9411 334311.14                              
2009602121213951 642S  11133122  2232261321 1132 335111.51                              
20096321212133083122R  11125112  1232255825 8411 22534 .38                              
2009672121213479 533U  12115112  2312132521 4232 332211.36                              
20100021212137134835S  13135121  2212133611 63232332331.89                              
20100721212137852022R  11232121  2132269421 2133233621 .93                              
20101021212135095341R  3 215112  2532120321 7431 331111.17                              
20101421212132104834U  3 335111  1211125411 42231222231.59                              
20102121212139794831R  13135121  1311151321 84191224111.54                              
20102621212138151721R  11323112  1222265321 3112 22611 .62                              
20102721212138151722S  11125112  1212153821 8412 22431 .57                              
20102921212135095341U  3 335192  2132280521 2111 336211.11                              
20103121212135095343S  12115121  2331224421 52332331212.43                              
20103321212134023121R  13235121  1211148321 6311 224111.23                              
2010352121213951 642S  12135121  2232120411 11132331232.45                              
2010362121213251 132U  12122112  2132164322 2112 335121.12                              
2010402121213909 443U  11125111  2212264821 6331 33531 .87                              
2010442121213661 641S  3 235121  1312125522 2111 22222 .77                              
2010482121213707 643U  12335111  2522223616 8412 331331.59SALVADORIAN                   
20105321212138151724S  3 914911  213212932299933933212 .98                              
2010552121213925 644S  13135121  2332159211 63332335132.45                              
20105821212134255344U  12135112  2211123723 11399331341.06                              
20106321212138151721R  3 235121  2222247621 4211 33431 .93                              
20108221212136202021R  12335112  2222172421 5213133621 .97                              
20108321212132182721R  3 215112  2112132521 7411 332211.43                              
20109021212132104834S  3 315121  1422264421999131225211.23                              
2010932121213520 443U  12125121  1622122316 31339221131.28MEXICAN                       
20110021212138014944S  13333121  2331244421 74239333212.45                              
2011072121213480 443U  3 335191  2431223425 94192331242.32                              
2011082121213970 842U  11123212  1132254821 2112 22431 .32                              
2011102121213520 441R  3 215121  2211129621 6311 33231 .79                              
20112021213137043732R  12315199  2112127121 4231 33211 .86                              
20112121214138031334S  13123212  1121153622 1132 22432 .41                              
20112521213132013414S  3 215121  1212161821 9411 22531 .78                              
20112621215132702132S  12125221  1132167321 4212 22611 .35                              
20113721214133045432S  12129211  1212152521 8412 22421 .79                              
20114121213132312622R  3 135211  2132284821 6313133631 .53                              
20115921213138102621R  3 335121  2212237621 42131333311.82                              
20116121213138453613U  12135121  1222173321 5213922611 .72                              
20116621215135704212R  13135921  2211126411 52139332232.45                              
20117221213137403922S  12229111  1212160621 8411 22531 .48                              
20117521215133473615U  11192221  213217842199912 336211.58                              
20118421213133045431R  11115111  1212270321 2112 22611 .61                              
20119121213139121332S  13125211  2232267222 1113233612 .81                              
20119221213132765132R  11135212  2211141322 5232 333121.71                              
20119721213139041234U  11115111  1412263821 7413222531 .70                              
20120321215138034532S  13215922  2232161125991349335141.33                              
20121121213132073923S  3 315121  1312130121 5211 22211 .63                              
20123121213138434532S  3 224221  2132262721 2111 33531 .76                              
20124121213138434532S  3 315112  1212154321 8411 224111.06                              
20124321213138034533S  3 235221  2522221321 31132331111.41                              
20125221213133471232S  13199999  1112118695 4233922134 .32                              
20125421213139103734U  11121212  2432221422 3112 331222.43                              
20128321213136093412U  12132112  1311140416 84132223232.13HISPANIC                      
20128821213138324835U  3 332211  2112125623 52331332341.02                              
20129721213133182231R  3 295199  2112163321 6312 335111.60                              
20130121213133045432R  12135111  1332218221 6313122111 .85                              
20130321213132072312R  11112211  1312158321 52132225111.06                              
20130421213139034833S  9 315121  2231239821 7411 333311.72                              
20131821213134132512S  11335112  1212158821 9423122531 .55                              
20132021213133394413S  13139211  122222262199133922131 .53                              
20132221214133171823S  3 225121  1312162621 8413122531 .66                              
20132321213136143925S  9 335121  1612165821 9413222631 .74                              
20133121213136062131R  12335111  1431252321 2112 224111.41                              
20133221213132031232U  11115112  1232172321 7413122611 .56                              
20134821215136033311R  12214121  1212158521 6313122521 .76                              
20135321215136143925U  2 235112  1531125211 21331222131.60                              
20135621215138144211R  12135112  1312248521 3112 224211.43                              
20135721213136143925U  12135121  2322120411 21132331232.45                              
20135921213134432434S  11145211  1212233621 4213922231 .94                              
20136021213139892622U  11223291  1132172322 3112 22612 .32                              
20136121213139083415S  3 225121  1212153623 94131224341.03                              
20137521215134071822R  11335121  122225342199311 22421 .85                              
20139921213138131235U  11335112  2222137521 11139333212.45                              
2014082121313203 914S  11134112  1522122922 3113922192 .86                              
20140921213138045134S  3 925921  1212235621 84131223311.16                              
20141021214133171823U  9 215121  2919135629999131333391.26                              
20141421213134193922R  11235121  2232172421 4219933621 .85                              
2014272121313860 913U  13135111  1232267322 3112 22612 .54                              
2014522121313720 841S  12335212  1412127616 6313122233 .92HISPANIC                      
2014592121313410 133U  3 235112  2222221322 11332331121.13                              
20147421213133153732R  11135121  2231227311 3131 332132.45                              
20148121214138014942S  3 225222  2111225319 2131 332132.45                              
20149321213132402433R  3 212121  2211128521 6331 332211.36                              
20152121213138045134S  13121212  1121133422 4212 22222 .46                              
20152621213132081641R  3 331212  1322122321 1133122111 .77                              
20153121213133211233U  11135222  2131135322 21339333121.87                              
20153321215133303923S  9 223121  123119932199919922911 .49                              
20153821213138014943S  12132111  1122120321 2113122111 .37                              
20154521213133521232S  11129212  2911199329 4219933919 .86                              
20155921213135751232U  9 239199  1331219321 4234922111 .85                              
20156021213136313614S  11135219  2232220311 4232 331132.45                              
20156321213135163615S  2 225111  2211141621 84131333312.16                              
20156621213135753541U  12315212  2211127429 31332332291.47                              
20158121213134063041R  11115112  1332118221 7433122111 .77                              
20159821213134132513S  11123919  2221249621 31139334311.03                              
20159921215137244213S  3 335211  1331147322 11332224121.38                              
2016062121313480 644U  13125212  1211245611 74332224331.07                              
20160721213135742622S  11123292  1322120521 3114222121 .93                              
20162921213137861234U  13115112  2111132611 84332332331.66                              
20163721213134063041R  2 235121  2111143621 63131333311.37                              
20163921213137342622R  11395121  1211150421 6311 22421 .79                              
20164021213135172622U  11935111  2322250321 21149334111.88                              
20164221213133521232S  13125222  2122151321 2132 334112.04                              
20164421213137701332S  3 335121  1321252621 9411 22431 .53                              
20165921213135741823U  3 315129  1232274821 6311 22631 .32                              
20166321213134234731S  13112122  2212159321991332335111.60                              
20167021213137043734S  12322111  1232178321 5231 22611 .79                              
20167121213132391233S  3 335221  1212135521 6314922321 .90                              
20167321213136172515S  11112191  121919999999923922999 .85                              
20168021215132391233S  12131212  1132260421 5212 22521 .48                              
20168321213136143925U  11321222  1332257422 5212 225221.13                              
20169221213136063242S  11123112  2232235621 11332333311.63                              
20169621213137651821R  11335122  2122264221 3132 335111.69                              
20169721213133171825U  11221211  1232170821 6311 22631 .58                              
20169821213139193732S  13135112  1132272421 4211 22621 .32                              
20170221215138434533S  12135112  2232250821 9412 33431 .88                              
20170421213132291233S  12129111  1311234422 11139222221.98                              
20170621213139541234S  12335121  1432220511 84332221232.45                              
20170721213138121823S  3 333299  2232134821 4213933231 .74                              
20171221213138283731S  12125211  1332171321 3112 22611 .81                              
20171321213134432432S  3 333122  1212158621 8411 22531 .47                              
20171821213136143925U  12915122  1232264423 6311 225241.06                              
20172121213135021822S  2 215121  2211150521 63139334211.52                              
20173621213135082514U  11135192  1632224623 7432 22134 .82                              
20173921215135703615U  3 225112  1231130321 4233122211 .85                              
20174221213133153612S  3 312121  2212224621 3111 33131 .94                              
20174521213137174212R  3 225121  2122219321 42141331111.50                              
20174721213135611233S  3 235121  2211155521 6311 335211.19                              
20177721215138102623S  11215111  1321134316 21132222131.09MEXICAN                       
20178121214133473615U  12121221  2222224822 3112 331321.20                              
20178721213133132625U  11325122  1332265622 6313922632 .45                              
20178821213136172514S  12123211  123216982199912 22631 .61                              
20179321213135804031R  11325221  1232170821 6313122631 .42                              
20179721213133132625U  12133111  1122166322 1112 22612 .46                              
20180621213133142922S  9 235911  123227132199113922611 .53                              
20181221213139564833S  11325111  1632120321 8433922111 .71                              
20183321215137061334U  13349999  211122452299912 331222.43                              
20183421213139133614S  3 325112  1232257621 8412 22531 .66                              
2018462121313501 531R  3 232121  2332120225 11131331141.09                              
20185721213136012832S  2 212121  2212172821 8411 33631 .70                              
20187321213137852021R  3 335121  2222120421 1131 331211.63                              
20187821213137155521R  3 335921  1132285321 1119922611 .39                              
20188021213136122725S  12121212  2212251421 6312 334212.45                              
20188321214135804031R  13323221  2231151325 11331334142.24                              
20190221213134694834S  12935119  2222199521999339339211.74                              
2019092121313501 532S  3 215121  1212266421 3111 22621 .48                              
20192221213132814835R  12915121  2212148311 63339334132.45                              
20193221215132051334S  12325112  1212131822 9412 22232 .40                              
20193321213138721725U  3 935212  1212134311 1131 222131.26                              
20193721213139524832S  3 224111  2112119322 4213133112 .79                              
20195021213136012832S  13133212  2232171422 7412 33622 .68                              
2019582121313256 131R  12123112  2212148321 3131 334112.35                              
20195921213139184031S  12335112  2231243225 2111 333142.45                              
20197221213134023121R  3 335111  1211235321 63331223112.19                              
20197321213132104834U  11335122  2222229611 21331332332.45                              
20198021213139184034U  3 225121  2211139421 8411 333212.23                              
20198721213138324835U  11139221  2211224322 4212 331121.65                              
20198921213133191922U  11125112  1222299621 6312 22931 .67                              
2020032121313334 131R  12135999  122224542299912 22422 .77                              
20201221213136154733S  11315111  2411125321 4211 33211 .94                              
20201921213137731725U  12115221  2211126311 4212 332132.43                              
20202821213133192512S  13123219  1222246821 8412 22431 .49                              
20207221213138501232S  9 332129  1231232321 3111 222111.07                              
20207821213132104832U  12112121  1312247321 9411 224111.22                              
20207921213136154733S  11121211  1232172621 7412 22631 .40                              
20208121213136012831R  12123112  1132263222 1112 22512 .44                              
20208421213134172923S  3 235121  2222254421 21139334211.77                              
20209221213137314731R  3 225121  1432224621 3113222131 .61                              
20210021215137731725U  13133212  1332222322 1112 221121.09                              
2021062121313573 845U  12133211  2211135621 6332 333311.91                              
20211021213137014833U  3 215121  2232181121 74131336111.18                              
20211121213138064831R  3 335121  1312260311 3112 225131.93                              
20211421213136824831S  13132112  1232143421 1131 22321 .95                              
20212521213132814835S  3 235222  1312127621 7413122231 .70                              
20213321213136301725S  3 335221  2412135621 74139333311.85                              
20214721213133182231R  11135121  1312121321 1123922111 .74                              
20215021213138704835U  11232221  1322218316 5231 221132.37HISPANIC                      
20215121214134694835U  12112922  2232158422 42339335221.40                              
2021532121313205 131R  13135111  2332219421999339331212.45                              
20215421213135042234U  3 215121  1232271621 4211 22631 .39                              
20215621213139184034U  11115121  2322218221 2111 331111.82                              
2021592121313310 645U  2 315121  1312125421999391222211.35                              
2021702121313253 843S  2 215121  132227542199411 22621 .69                              
2021832121313559 642S  3 235121  2221131621 3111 33231 .69                              
2021852121313415 645U  13125212  2212230424 52132332242.45                              
2021862121313805 643U  11333222  1332118421 84339221211.04                              
2021892121413408 645U  13115121  1212249512 7412 224232.44                              
2021992121313310 645S  13125212  2211145421 52141334212.45                              
2022032121313916 645U  13121212  1211124611 52342221331.16                              
2022072121313916 644U  12323211  1412175821 8412 22631 .67                              
2022302121313408 643S  12125211  1312227421 5212 222212.45                              
2022362121313424 645U  11122121  2212228821 5232 332312.13                              
2022402121313310 645U  11331219  2422223623 21349331341.26                              
20226921213135034142S  3 215222  1232269621 8413122631 .32                              
2022742121313424 645U  13122212  1999118314994349221131.48                              
20228021214137651821R  11135121  1232169321 3111 22611 .65                              
20228221214137721233U  13129211  1211199529 7413222929 .70                              
20228921214136313614S  3 315121  1332168321 42339226111.17                              
20229121214132072624U  3 235121  2231142821 84131333311.63                              
20229521214137323414S  3 225121  1211247821 9411 22431 .69                              
20230621214138605133S  3 222112  1422120421 94232221211.01                              
20231521215137731725U  12132221  1132160499 6313222529 .57                              
20231621214134145523S  3 334112  2111157421 1191 335211.20                              
20231821214139132024U  3 222112  1222219421 6312 221211.58                              
20232621214136302923S  3 215112  2231230521 5231 332212.45                              
20232721214138123615U  11199292  2212127821 21339332311.26                              
20233321214139373924S  12135221  1132266321 2111 22611 .47                              
20235021214136104213S  12115112  2232228321 21139332112.45                              
20237221214137861234U  12225212  1232156222 1113222512 .82                              
20237321214134342433S  12349111  1212130829 7413922239 .39                              
20238121214135414141R  3 235121  1232270421 4211 22621 .57                              
20238221214134781332R  13135212  2211141322 5232 333121.71                              
2023842121413310 645S  12235121  2512247323 6332 334142.45                              
2023872121413916 644U  11225211  2212252321 6312 334112.45                              
20238921214135034142R  13132121  2111128421 84931332211.27                              
20239521214132064032S  3 925129  2112120529 42351331291.41                              
2023962121413209 641R  12123221  1332261521 1111 225211.03                              
2023992121413951 642U  3 325121  1331237623 6311 223341.02                              
2024092121413209 642S  3 935121  2232258721 7411 33531 .78                              
2024252121513805 643U  13121212  2232166321 84149336111.22                              
2024272121413626 645S  3 235121  142124862399413922434 .83                              
20242821214137023242S  13335121  2532152616 3112 334332.00HISPANIC                      
2024332121413408 644U  13131121  2312122323 21332331141.37                              
20245321214139782513S  3 222299  111225532399419122514 .58                              
20245721214132692622R  3 235121  2211132321 5235133211 .87                              
20247121214137861234S  12235122  2312128411 3111 332232.45                              
20248921214132163925U  11135121  2212135321 63332333112.45                              
20249121214136162621R  9 345212  1211143429 4213122329 .95                              
20249221214135741822R  11325192  1432283321 4212 22611 .67                              
20249521214139173615U  13223122  2212130416 31132332232.45PUERTO RICAN                  
20250021214139143615S  13125112  2311142322 4212 333122.45                              
20251321214137402132S  13134121  2219243421 6312 333212.45                              
20252821214137575134U  11325291  1332266421 3113222621 .86                              
20254221214135712432S  12325112  2112123622 3113233132 .62                              
20254321214139892622U  12135121  2311243421 42132333212.45                              
20254821214135853614U  3 235121  1212149621 8411 22431 .95                              
20255421214134014413S  3 235121  2222165621 6313133631 .90                              
20256021214137043734U  9 935221  113218732199114122611 .50                              
20256321214139103731S  11135112  111226822199114922611 .39                              
20256421214134403925S  14129111  2132159821 74332335311.46                              
20256621215138151723S  12129212  2232122521 8412 331211.55                              
20257121214133473615U  12125299  113214932299912 224121.01                              
20257921214133861233U  11121121  1231136322 3132 22312 .97                              
20258121214134234733U  11135119  2211227621 6311 332311.41                              
20258721214134041335S  12315112  2112160121 11339335112.22                              
20258921214132674215U  11235112  2222135424 5212 333242.45                              
20259621214136093414S  13135112  1211240422 42331223222.17                              
20261421214132291331R  12322222  1212155322 3112 22512 .67                              
20261821214135183611R  13135112  2422120421999132331211.90                              
20262421214136162623S  2 215111  1612122621 6321 22131 .55                              
20262521214137342623U  12123212  1212264821 9413222531 .44                              
20263021214137403922S  3 325121  1211136521 5213222321 .82                              
20263721214135151923U  3 212999  1131248421 2131 22421 .58                              
20264221214132625523S  11135112  1412252621 7411 22431 .58                              
20264521214134054034U  3 212111  2322122321 84131331111.39                              
20265221214132104834U  11115121  2112226821 6311 332311.82                              
20265821214135124834U  11122111  1212152821 9413122431 .81                              
20266721214137134835U  11225121  1212163821 7411 22531 .76                              
20266921214136154732S  12933911  1531249421 2111 224211.05                              
20268821214133091721R  13225291  2132249321 11331334112.16                              
20270021214132171722U  12129921  1232174821 8413222631 .37                              
20270221214132702132R  14232121  123124642199912 22421 .83                              
20272821214132282832S  12331121  1232158322 4212 22512 .58                              
20273221214139205522S  9 235112  2112260521 4211 335211.34                              
20275821214132144833U  13135212  2232162324 1112 335141.45                              
20275921214133142922S  12125212  2131233321 2112 332112.08                              
20276221214136622832R  11129999  1131150121 1114122411 .67                              
2027682121413480 443S  12125112  2532244421 1131 333212.45                              
2027722121413805 643S  3 235191  2212225821 42139332311.45                              
20277521214138014942S  3 232121  1439170621 6311 22631 .48                              
2027762121413505 843U  3 225921  233226962199999933631 .61                              
20278121214136362924S  11315221  1132142321 1113222311 .99                              
2027842121413334 132S  11215119  1212153321 42239224111.06                              
20278921214134354941U  3 215121  2112228621 4211 332311.53                              
20280421214134324831R  13331911  1311239511 6312 223232.45                              
20280921214138471724S  11335299  2121124321 1132 331111.39                              
2028232121413818 645U  9 329112  1311135529999149223291.72                              
2028382121513719 841U  3 125221  2112260811 5212 335331.59                              
2028612121513203 914U  11135921  112213862199923922331 .63                              
20286221215137244213S  3 235121  1212151621 9411 22431 .74                              
20286921215134234733S  12123199  1192276221 1132 22611 .37                              
20287021215136301725S  12235112  1112242621 6312 22331 .82                              
20289021215139364831R  3 333121  1332155321 1111 225111.05                              
20289521215132191823S  2 232221  2211140521 7412 333211.74                              
20290421215139184031R  12325222  2312162521 52132335211.25                              
2029052121513707 642U  11215199  2211232421 52349332212.45                              
20290621215134255342S  13323112  2211134421 42299332211.27                              
20291821215132021135U  3 219129  2112254821 5211 334311.29                              
20292121215139014734U  11325112  2212128821 6323933231 .95                              
2029242121513203 914S  12935221  2112247821 84349334311.34                              
20293521215133254831U  12115212  161213729199411 223111.61                              
2029382121513870 533U  3 312191  2212133424 63132332241.29                              
20294121215135082514S  3 135112  1212256421 52132225211.14                              
2029452121513760 643S  3 339999  1332221321 9439222111 .96                              
2029552121513209 643U  13135122  1211143521 8433222321 .93                              
2029752121513530 641R  3 339121  2232174421 3111 336211.00                              
20297721215137074834U  11325191  2212228621 63132332311.82                              
2029802121513530 642U  11123121  1232250429 5214922429 .87                              
2029872121513714 645S  11132112  1232176421 4213222621 .72                              
20299021215133232621R  11123212  1232275823 9412 22634 .32                              
20300521215139041234U  13123291  2521142322 6332 333122.41                              
20301721215134193921R  11135111  1232260321 7413222511 .88                              
20301821215139373922R  12115199  1232157321 6313922511 .73                              
20302121215137174212R  11135121  2232261521 3111 335211.55                              
20302521215134254942S  3 112112  2232120321 1131 331111.01                              
20303321215139733615U  11325112  2212146821 94141334312.07                              
20303621215138144213S  11235122  1232266321 3113222611 .68                              
20303721215133021034S  13123212  1312253422 8412 224221.20                              
20304121215138131234U  11393211  2212127821 6313233231 .95                              
20304221215133473415S  12132111  2532122311 11339331132.45                              
20304521215137701334S  3 215121  2212127621 7411 33231 .95                              
20304821215137701334S  13123111  1212153821 9412 22431 .81                              
20306721215136093414U  12335221  2132257321 1131 335112.41                              
20308021215138144213S  3 215121  1312151321 8411 224111.72                              
20309421215135741822S  11222111  2212140321 7411 333112.14                              
20309521215136073612U  3 215122  1512158521 6311 22521 .83                              
20309721215134041334S  11129211  2211130622 7412 33232 .76                              
20309821215139062621R  11121229  2112258321 2111 335111.69                              
20311521215138034532U  13225121  1232168321 3111 22611 .56                              
20312521215136313614S  12131212  1139199999 1192 22999 .47                              
20312721215133211233S  12235921  1222270421 6312 22621 .53                              
20313021215138034531S  12129212  1212170521 6312 22621 .50                              
20313421215139892622U  12335121  1232169421 6313122621 .44                              
20314021215138623415S  11125122  1232118316 2132 221131.68HISPANIC- PERUVIAN            
20314921215139733412S  11132111  152221932399433222114 .95                              
20315721215133171823S  12121212  1132270821 3132 22631 .32                              
20316021215135673922U  3 235112  2232269321 8411 336111.02                              
20316721215133153613S  11112121  1112126521 6311 22221 .52                              
20316921215137652622R  11133212  2232132321 1112 33211 .87                              
20317121215137651822U  12315122  1311129321 4211 22211 .56                              
20317921215132191823S  11235121  1211245421 4213922421 .92                              
20318021215139403732R  3 235121  2212129621 7411 33231 .67                              
20320321215139205523U  3 235111  2131133421 42339332211.36                              
2032072121513916 644S  12145119  2412159721 21241335311.33                              
20322421215133121725U  12212112  1122250721 4213922431 .43                              
2032252121513562 645U  11122121  2412119321 7411 331111.63                              
20322821215135042234S  13125222  2111228822 5212 332321.45                              
2032332121513714 645S  12325199  1621246325 21359224141.94                              
20323621215134041334S  13135221  1211136322 52132223121.25                              
2032402121513858 643S  3 215111  1212225421 74331222212.04                              
20324121215135034141R  13125211  1332257621 7412 22531 .59                              
2032462121513479 532U  11235121  1422251621 8411 22431 .53                              
20325721215139014734S  12124222  2112229222 3112 332122.34                              
20326221215137013122U  12131292  2312234621 2112 332311.29                              
20326421215136193615U  13129292  2212229621 5212 332312.41                              
2032732121513415 645U  13125121  2112142822 7412 333321.53                              
20327521215135414142U  3 235921  2112140823 74132333341.14                              
